179 23 0 1
175 25 0 1
175 20 1 1
176 20 1 1
177 20 1 1
178 20 1 1
179 20 1 1
185 35 2 1
185 36 2 1
185 37 2 1
204 34 3 1
206 46 4 2
206 50 5 1
254 58 6 2
253 44 7 1
246 35 8 1
232 34 9 2
233 34 9 2
234 34 9 2
238 31 9 2
238 32 9 2
238 33 9 2
236 35 10 1
222 34 11 1
222 37 11 1
220 35 12 1
195 35 13 1
203 35 13 1
205 35 13 1
200 52 14 2
253 53 15 1
169 35 16 1
169 36 16 1
169 37 16 1
176 44 17 2
177 44 17 2
178 44 17 2
144 44 18 1
144 45 18 1
144 46 18 1
144 47 18 1
139 48 19 3
138 49 19 3
140 49 19 3
139 50 19 3
143 52 20 1
142 53 21 1
156 57 22 1
157 57 23 1
158 57 24 1
156 55 25 1
152 61 26 3
154 49 27 3
154 50 27 3
142 57 28 4
152 35 29 1
152 36 29 1
152 37 29 1
161 35 30 1
161 36 30 1
161 37 30 1
155 55 31 5
155 56 31 5
155 57 31 5
146 58 32 2