181 18 1
182 36 2
188 41 2
205 32 3
208 42 4
209 42 4
205 48 5
253 56 6
253 57 6
245 41 7
248 39 8
245 30 9
248 32 9
237 35 10
222 30 11
223 38 12
214 27 13
202 52 14
203 52 14
257 54 15
170 36 16
176 43 17
178 43 17
148 45 18
138 47 19
139 47 19
140 47 19
139 49 20
149 53 21
152 57 22
153 57 23
154 57 24
155 54 25
154 62 26
160 60 26
161 61 26
151 49 27
152 49 27
153 49 27
135 55 28
135 54 28
136 54 28
136 53 28
157 34 29
165 34 30
153 51 31
152 52 31
151 53 31
153 53 31
154 52 31
148 60 32
145 62 32
149 34 33
141 34 34
133 34 35
125 34 36
117 34 37
109 34 38